0 42 360 335 188 170 725
42 0 402 377 146 212 767
360 402 0 573 548 190 392
335 377 573 0 293 383 422
188 146 548 293 0 358 715
170 212 190 383 358 0 582
725 767 392 422 71 582 0
